
atimesb =

    10    13
    22    29


aeletimesb =

     2     6
    12    20

