
n =

    10


A =

  Columns 1 through 7

    0.8147    0.1576    0.6557    0.7060    0.4387    0.2760    0.7513
    0.9058    0.9706    0.0357    0.0318    0.3816    0.6797    0.2551
    0.1270    0.9572    0.8491    0.2769    0.7655    0.6551    0.5060
    0.9134    0.4854    0.9340    0.0462    0.7952    0.1626    0.6991
    0.6324    0.8003    0.6787    0.0971    0.1869    0.1190    0.8909
    0.0975    0.1419    0.7577    0.8235    0.4898    0.4984    0.9593
    0.2785    0.4218    0.7431    0.6948    0.4456    0.9597    0.5472
    0.5469    0.9157    0.3922    0.3171    0.6463    0.3404    0.1386
    0.9575    0.7922    0.6555    0.9502    0.7094    0.5853    0.1493
    0.9649    0.9595    0.1712    0.0344    0.7547    0.2238    0.2575

  Columns 8 through 10

    0.8407    0.3517    0.0759
    0.2543    0.8308    0.0540
    0.8143    0.5853    0.5308
    0.2435    0.5497    0.7792
    0.9293    0.9172    0.9340
    0.3500    0.2858    0.1299
    0.1966    0.7572    0.5688
    0.2511    0.7537    0.4694
    0.6160    0.3804    0.0119
    0.4733    0.5678    0.3371


B =

  Columns 1 through 7

    0.1622    0.4505    0.1067    0.4314    0.8530    0.4173    0.7803
    0.7943    0.0838    0.9619    0.9106    0.6221    0.0497    0.3897
    0.3112    0.2290    0.0046    0.1818    0.3510    0.9027    0.2417
    0.5285    0.9133    0.7749    0.2638    0.5132    0.9448    0.4039
    0.1656    0.1524    0.8173    0.1455    0.4018    0.4909    0.0965
    0.6020    0.8258    0.8687    0.1361    0.0760    0.4893    0.1320
    0.2630    0.5383    0.0844    0.8693    0.2399    0.3377    0.9421
    0.6541    0.9961    0.3998    0.5797    0.1233    0.9001    0.9561
    0.6892    0.0782    0.2599    0.5499    0.1839    0.3692    0.5752
    0.7482    0.4427    0.8001    0.1450    0.2400    0.1112    0.0598

  Columns 8 through 10

    0.2348    0.5470    0.9294
    0.3532    0.2963    0.7757
    0.8212    0.7447    0.4868
    0.0154    0.1890    0.4359
    0.0430    0.6868    0.4468
    0.1690    0.1835    0.3063
    0.6491    0.3685    0.5085
    0.7317    0.6256    0.5108
    0.6477    0.7802    0.8176
    0.4509    0.0811    0.7948


atimesb =

  Columns 1 through 7

    2.1200    2.7731    1.9386    2.2467    1.9496    3.1059    2.9379
    2.2645    1.6256    2.3396    2.2714    1.8686    1.6361    2.1976
    3.1788    2.6067    3.2925    2.6651    1.9580    3.0038    2.5731
    2.3833    1.9705    2.3182    2.3200    2.2502    2.5068    2.4986
    3.2764    2.6133    2.6041    3.1469    2.1306    2.7378    3.3535
    1.9561    2.4125    2.0208    1.8782    1.4517    2.7530    2.1707
    2.8502    2.6275    2.9518    2.1066    1.8006    2.8573    2.1846
    2.4890    1.6736    2.6941    2.1137    1.9376    2.0144    1.9460
    2.6739    2.8362    3.0590    2.3851    2.5414    3.3096    2.6930
    2.2707    1.6893    2.4928    2.3298    2.1234    1.8774    2.3263

  Columns 8 through 10

    2.2267    2.5494    2.9462
    1.6307    2.1082    2.9865
    2.7558    2.8793    3.5109
    2.5547    2.8258    3.6539
    3.2916    2.9581    4.1212
    1.9357    2.0491    2.3035
    2.2627    2.4057    3.1936
    1.8377    2.2632    3.1289
    1.9864    2.7590    3.4450
    1.8101    2.3668    3.2500


aeletimesb =

  Columns 1 through 7

    0.1321    0.0710    0.0699    0.3046    0.3743    0.1152    0.5862
    0.7195    0.0814    0.0344    0.0290    0.2374    0.0338    0.0994
    0.0395    0.2192    0.0039    0.0504    0.2687    0.5914    0.1223
    0.4827    0.4433    0.7238    0.0122    0.4081    0.1536    0.2824
    0.1047    0.1219    0.5547    0.0141    0.0751    0.0584    0.0859
    0.0587    0.1172    0.6582    0.1120    0.0372    0.2438    0.1266
    0.0732    0.2271    0.0627    0.6040    0.1069    0.3241    0.5155
    0.3577    0.9122    0.1568    0.1838    0.0797    0.3064    0.1325
    0.6599    0.0619    0.1703    0.5225    0.1305    0.2161    0.0859
    0.7219    0.4247    0.1370    0.0050    0.1811    0.0249    0.0154

  Columns 8 through 10

    0.1974    0.1924    0.0705
    0.0898    0.2462    0.0418
    0.6687    0.4358    0.2584
    0.0038    0.1039    0.3396
    0.0400    0.6299    0.4173
    0.0591    0.0525    0.0398
    0.1276    0.2790    0.2893
    0.1837    0.4715    0.2398
    0.3990    0.2968    0.0097
    0.2134    0.0461    0.2680

